First full run in Python (Something is wrong)

1 109831404375
2 854052288375
3 1528841503500
4 2784203743500
5 2966957975655
6 3227501085405
7 4443639417030
8 4586245881030
9 5355656766405
10 6486604938693
11 7354263910818
12 7507142103318
13 8022389711193
14 8794358089443
15 8949244138068
16 9010964434068
17 9569845120443
18 9968467047693
19 10689349840818
20 10968723647838
21 11759967976713
22 12251437108713
23 13228564522338
24 13924899073338
25 14977745336073
26 16005445187823
27 16559868489948
28 17458499558448
29 18200217424323
30 18607081822703
31 19793937337328
32 20586768739328
33 21156874771703
34 21946003111703
35 22648461146828
36 23570494591328
37 23767864122203
38 24015970662203
39 24259478837828
40 25350078094748
41 26514783704123
42 26979610632623
43 27574898296748
44 28378982368748
45 28651328017103
46 29300194213103
47 30150045177728
48 30482841795728
49 31137199798103
50 32167014062813
51 33035506155938
52 33127775475938
53 33653092736813
54 34259835744563
55 34815184863692
56 34827329556692
57 35298920128067
58 36200444452067
59 36235793726192
60 37165410600092
61 37220414005967
62 37778337385967
63 38402164984592
64 38824881817592
65 39766004289167
66 40710876417917
67 41341938953042
68 42092757873542
69 42863552528417
70 43847703743387
71 44872533251012
72 45104271164012
73 46024499081387
74 46166073453887
75 46373046416732
76 47128140025232
77 47221243449107
78 47344365322982
79 47648759059607
80 48300014688887
81 49231439767262
82 49460020644512
83 50066497717637
84 50354283526637
85 50841108072152
86 51872628276152
87 52917203729777
88 54115159697777
89 54978264513152
90 56257082812372
91 56569502954497
92 56610796514497
93 57579148180372
94 58617183244372
95 59349982158997
96 59966902968997
97 60271163377372
98 61000148326372
99 61353827777497
100 62091948613081
738120835584 653837184000 631253317081
10964.28 10859.06 105.22


Test 2:

1 109831404375
2 465836460375
3 806980363500
4 1735424011500
5 1970485218375
6 3181161762375
7 4397300094000
8 5193743742000
9 6076163523375
10 7120805187375
11 7988464159500
12 8917385119500
13 9432632727375
14 10619113239375
15 10956966072000
16 11876847672000
17 12435728358375
18 13277635878375
19 13998518671500
20 14419182607500
21 14787604536375
22 15830748792375
23 16807876206000
24 18039594606000
25 18412450197375
26 18754387221375
27 18872919067500
28 19744081051500
29 20485798917375
30 21133477509375
31 22320333024000
32 22428678624000
33 22681283472375
34 22755277392375
35 22897303555500
36 23703332611500
37 23900702142375
38 24537024510375
39 25593120462000
40 26757072078000
41 27921777687375
42 28298991447375
43 28894279111500
44 29902687303500
45 31011944547375
46 32253350691375
47 33103201656000
48 33189421944000
49 34217401194375
50 34457655978375
51 35315385319500
52 36429275239500
53 36954592500375
54 38109841716375
55 38878222878000
56 39425467422000
57 40445958345375
58 41040996489375
59 41076345763500
60 41650121251500
61 41705124657375
62 42365210097375
63 43355740032000
64 44314807680000
65 44732860404375
66 45799323252375
67 46430385787500
68 47245055995500
69 47590721946375
70 48300546138375
71 49325375646000
72 49606618014000
73 50526845931375
74 51202217067375
75 51512942959500
76 52331887855500
77 52424991279375
78 52798612527375
79 53103006264000
80 53540947512000
81 53842751598375
82 53944906926375
83 54551383999500
84 55333245247500
85 56500060464375
86 57429418608375
87 58404036174000
88 58948154958000
89 59811259773375
90 60860273277375
91 61919935915500
92 62247283243500
93 63339406557375
94 64009658205375
95 64742457120000
96 65319311904000
97 65623572312375
98 65753449752375
99 66602215795500
100 67682947315500
426894336000 0 991554547500
21990.47 21927.38 63.09
